
    <!DOCTYPE html>
    <html lang="en">
    <head>
        <meta charset="UTF-8">
        <meta name="viewport" content="width=device-width, initial-scale=1.0">
        <title>Interactive AUC Histogram</title>
        <script src="https://cdn.plot.ly/plotly-latest.min.js"></script>
    </head>
    <body>
        <p>Select the bin size:</p>

        <select id="binSelect" onchange="updateBins(this.value)">
            <option value="0.0001">0.0001</option>
            <option value="0.0005">0.0005</option>
            <option value="0.001">0.001</option>
            <option value="0.002">0.002</option>
            <option value="0.005" selected>0.005</option>
            <option value="0.01">0.01</option>
            <option value="0.02">0.02</option>
        </select>

        <div id="histogram"></div>

        <script>
            var aucScores = [0.9082526509912402, 0.9732595666205625, 0.9695712309820194, 0.9842592592592592, 0.9932572614107884, 0.8326417704011064, 0.9935454126325496, 0.9529737206085753, 0.9203703703703703, 0.8843360995850623, 0.9838635315813739, 0.9525126786537574, 0.9691101890272015, 0.924537037037037, 0.9896265560165975, 0.954356846473029, 0.9884739511295528, 0.9326878745965883, 0.9625, 0.9927385892116183, 0.9608114338404794, 0.9525126786537574, 0.9764868603042877, 0.9407407407407407, 0.9610995850622407, 0.9534347625633932, 0.9391424619640387, 0.95850622406639, 0.9837962962962963, 0.9839211618257262, 0.9004149377593362, 0.9976947902259106, 0.9276164130935916, 0.9851851851851852, 0.9896265560165975, 0.9289995389580452, 0.9810972798524666, 0.9538958045182111, 0.9675925925925926, 0.9538381742738589, 0.9912402028584602, 0.9557399723374828, 0.9746426924850161, 0.9291666666666667, 0.9211618257261411, 0.9741816505301982, 0.9455970493314891, 0.983863531581374, 0.9819444444444444, 0.9185684647302904, 0.9949285384970032, 0.8944213923467035, 0.9815583218072844, 0.9805555555555556, 0.9159751037344398, 0.979253112033195, 0.9801751959428308, 0.979253112033195, 0.9041666666666667, 0.9486514522821576, 0.9502074688796681, 0.9649608114338405, 0.9857076994006454, 0.9337962962962962, 0.9642116182572614, 0.9967727063162747, 0.8934993084370678, 0.9562010142923006, 0.9657407407407408, 0.9299792531120332, 0.9409866297833103, 0.9114799446749654, 0.9930843706777317, 0.975925925925926, 0.9808091286307055, 0.9852466574458276, 0.9147072383586907, 0.9755647763946519, 0.9902777777777778, 0.9237551867219918, 0.9409866297833102, 0.963116643614569, 0.9875518672199171, 0.9638888888888888, 0.975103734439834, 0.9898570769940065, 0.9935454126325496, 0.929921622867681, 0.961111111111111, 0.9517634854771784, 0.9571230982019363, 0.9635776855693867, 0.9677270631627478, 0.9879629629629629, 0.9325726141078838, 0.9926233287229138, 0.9525126786537574, 0.900414937759336, 0.9935185185185185, 0.970954356846473, 0.9469801751959428, 0.9930843706777317, 0.9114799446749653, 0.9791666666666667, 0.9818464730290457, 0.9663439372982942, 0.9289995389580452, 0.9442139234670355, 0.9768518518518519, 0.9932572614107883, 0.9041032733978792, 0.9843245735361918, 0.95850622406639, 0.9634259259259259, 0.9885892116182573, 0.9479022591055786, 0.9778699861687413, 0.9455970493314891, 0.9217592592592592, 0.9854771784232365, 0.9681881051175656, 0.9820193637621023, 0.9598893499308436, 0.9018518518518519, 0.9009336099585062, 0.9875518672199171, 0.9981558321807283, 0.9774089442139235, 0.9328703703703702, 0.8827800829875518, 0.9064084831719685, 0.8833563854310742, 0.9714153988012909, 0.9416666666666667, 0.9880705394190872, 0.9658828953434763, 0.8856615952051636, 0.9866297833102813, 0.9476851851851851, 0.9854771784232366, 0.9755647763946519, 0.9866297833102813, 0.9488243430152143, 0.8907407407407407, 0.9880705394190871, 0.9704933148916552, 0.9474412171507608, 0.9783310281235592, 0.9828703703703703, 0.9232365145228216, 0.9594283079760259, 0.9880129091747348, 0.9502074688796681, 0.9458333333333333, 0.9621369294605809, 0.9396035039188566, 0.9469801751959428, 0.9847856154910097, 0.9925925925925926, 0.9626556016597511, 0.9654218533886584, 0.9022591055786078, 0.9866297833102812, 0.8925925925925926, 0.9953319502074689, 0.9907791609036423, 0.9870908252650992, 0.9451360073766712, 0.9194444444444444, 0.9481327800829874, 0.9926233287229137, 0.9483633010603965, 0.9552789303826649, 0.9120370370370369, 0.9953319502074689, 0.9787920700783772, 0.9769479022591055, 0.9566620562471184, 0.9921296296296296, 0.8786307053941909, 0.8865836791147994, 0.979253112033195, 0.9534347625633933, 0.9828703703703704, 0.9647302904564315, 0.9930843706777316, 0.9727985246657446, 0.9746426924850161, 0.937037037037037, 0.9237551867219918, 0.9695712309820194, 0.9787920700783771, 0.9589672660212079, 0.9125, 1.0, 0.9907791609036422, 0.9280774550484094, 0.9976947902259106, 0.9157407407407407, 0.9699170124481328, 0.9598893499308436, 0.9469801751959428, 0.9889349930843706, 0.9925925925925926, 0.9180497925311203, 0.9681881051175657, 0.9663439372982942, 0.9455970493314891, 0.9810185185185185, 0.9600622406639004, 0.9870908252650992, 0.9778699861687414, 0.9654218533886583, 0.9921296296296297, 0.8973029045643154, 0.9866297833102812, 0.9594283079760257, 0.9658828953434763, 0.9930555555555555, 0.9341286307053942, 0.9515905947441218, 0.8755186721991701, 0.9958506224066389, 0.9583333333333333, 0.991701244813278, 0.9649608114338405, 0.9580451821115721, 0.9820193637621024, 0.9546296296296297, 0.9445020746887967, 0.8907330567081604, 0.9663439372982942, 0.9414476717381282, 0.9208333333333334, 0.9818464730290457, 0.9857076994006455, 0.9903181189488243, 0.9566620562471186, 0.8925925925925926, 0.9585062240663901, 0.9695712309820194, 0.9151682803135085, 0.9658828953434763, 0.9935185185185185, 0.941908713692946, 0.9207007837713233, 0.9783310281235593, 0.9548178884278469, 0.9555555555555556, 0.9968879668049793, 0.9050253573075149, 0.9446749654218534, 0.9866297833102812, 0.9578703703703704, 0.9512448132780084, 0.9787920700783772, 0.9396035039188566, 0.9981558321807285, 0.9027777777777777, 0.983402489626556, 0.9612724757952973, 0.9253112033195021, 0.9884739511295528, 0.950925925925926, 0.9849585062240664, 0.9073305670816044, 0.983863531581374, 0.8902720147533425, 0.9861111111111112, 0.9911825726141079, 0.9953895804518211, 0.9898570769940064, 0.9077916090364224, 0.9782407407407407, 0.991701244813278, 0.9889349930843707, 0.9289995389580452, 0.9525126786537574, 0.9902777777777778, 0.9336099585062241, 0.9681881051175657, 0.9428307976025818, 0.946058091286307, 0.9574074074074073, 0.9870331950207469, 0.991701244813278, 0.9617335177501153, 0.9815583218072845, 0.9148148148148149, 0.9849585062240663, 0.9847856154910097, 0.9313047487321346, 0.983402489626556, 0.9513888888888888, 0.9870331950207469, 0.9345320424158597, 0.9732595666205625, 0.9197786998616875, 0.9638888888888889, 0.9865145228215768, 0.9875518672199171, 0.9820193637621024, 0.8676809589672659, 0.9074074074074074, 0.9662863070539419, 0.9953895804518211, 0.9529737206085754, 0.9815583218072844, 0.9467592592592592, 0.9517634854771784, 0.9668049792531119, 0.954356846473029, 0.9345320424158597, 0.911574074074074, 0.9413900414937759, 0.9940064545873674, 0.9414476717381282, 0.9834024896265561, 0.9143518518518519, 0.991701244813278, 0.9280774550484093, 0.9912402028584602, 0.9612724757952974, 0.9569444444444444, 0.9491701244813279, 0.9963116643614569, 0.880129091747349, 0.9806362378976486, 0.9546296296296296, 0.9050829875518672, 0.9497464269248502, 0.9843245735361918, 0.9797141539880129, 0.9944444444444445, 0.9113070539419088, 0.9529737206085753, 0.9488243430152143, 0.9820193637621024, 0.9365740740740741, 0.9875518672199171, 0.9695712309820194, 0.9695712309820194, 0.9119409866297833, 0.936574074074074, 0.9450207468879668, 0.9391424619640387, 0.9801751959428308, 0.9926233287229138, 0.9305555555555556, 0.9745850622406639, 0.9774089442139234, 0.9552789303826648, 0.9898570769940064, 0.9453703703703703, 0.9538381742738589, 0.9386814200092208, 0.9898570769940064, 0.9774089442139235, 0.9120370370370371, 0.9834024896265561, 0.9746426924850161, 0.8879668049792532, 0.9953895804518211, 0.950925925925926, 0.9802904564315353, 0.9801751959428309, 0.9566620562471185, 0.9838635315813739, 0.9143518518518519, 0.9569502074688797, 0.9612724757952974, 0.9861687413554634, 0.9336099585062241, 0.9833333333333334, 0.9450207468879668, 0.9810972798524666, 0.9520516366989394, 0.9386814200092208, 0.9787037037037037, 0.9922199170124482, 0.938220378054403, 0.983402489626556, 0.9538958045182111, 0.8708333333333332, 0.9802904564315352, 0.8925772245274319, 0.9460580912863071, 0.9815583218072845, 0.9694444444444446, 0.995850622406639, 0.8861226371599815, 0.9755647763946519, 0.9488243430152143, 0.9791666666666666, 0.9382780082987552, 0.9884739511295528, 0.9428307976025818, 0.979253112033195, 0.9273148148148147, 0.9792531120331951, 0.9405255878284924, 0.9783310281235593, 0.9838635315813739, 0.9578703703703704, 0.941908713692946, 0.9276164130935916, 0.9432918395573997, 0.9492853849700322, 0.9583333333333334, 0.9818464730290456, 0.9640387275242047, 0.9451360073766712, 0.9806362378976488, 0.9518518518518518, 0.9808091286307054, 0.9857076994006455, 0.9631166436145688, 0.9142461964038727, 0.9847222222222223, 0.9761410788381742, 0.9870908252650992, 0.9183955739972338, 0.9428307976025818, 0.9291666666666666, 0.9185684647302905, 0.9704933148916551, 1.0, 0.9829414476717381, 0.9027777777777778, 0.9310165975103735, 0.9714153988012909, 0.9843245735361918, 0.8934993084370677, 0.9851851851851852, 0.9652489626556017, 0.9428307976025818, 0.9511295527893038, 0.9598893499308436, 0.9879629629629629, 0.9823651452282158, 0.9603503918856615, 0.9220839096357768, 0.9294605809128631, 0.9490740740740741, 0.9320539419087137, 0.9843245735361918, 0.9446749654218534, 0.9571230982019363, 0.9884259259259259, 0.9434647302904564, 0.970954356846473, 0.92577224527432, 0.9769479022591055, 0.9740740740740741, 0.9351659751037344, 0.8916551406177962, 0.9907791609036423, 0.9234670355002306, 0.9601851851851851, 0.9974066390041494, 0.9566620562471185, 1.0, 0.9156293222683265, 0.975925925925926, 0.9045643153526971, 0.9875518672199171, 0.938681420009221, 0.9769479022591057, 0.923611111111111, 0.9470954356846473, 0.9926233287229137, 0.9446749654218535, 0.9801751959428308, 0.9458333333333334, 0.95798755186722, 0.9064084831719685, 0.9562010142923005, 0.9737206085753803, 0.9842592592592593, 0.9896265560165974, 0.9455970493314891, 0.9497464269248502, 0.9455970493314891, 0.9712962962962963, 0.991701244813278, 0.9534347625633933, 0.8824343015214384, 0.9889349930843707, 0.987037037037037, 0.9885892116182573, 0.9981558321807285, 0.9220839096357768, 0.9686491470723836, 0.9601851851851851, 0.9517634854771784, 0.9465191332411249, 0.9621945597049331, 0.9787920700783771, 0.9291666666666666, 0.9839211618257261, 0.8911940986629783, 0.9303826648224989, 0.9953895804518211, 0.9671296296296296, 0.9662863070539419, 0.9017980636237898, 0.95850622406639, 0.9801751959428309, 0.9166666666666665, 0.9885892116182573, 0.9912402028584602, 0.9059474412171509, 0.983863531581374, 0.9574074074074074, 0.9787344398340249, 0.941908713692946, 0.9644997694790225, 0.9322268326417704, 0.9925925925925926, 0.9683609958506224, 0.9806362378976486, 0.9852466574458276, 0.9538958045182112, 0.9884259259259259, 0.8947095435684649, 0.946058091286307, 0.9810972798524665, 0.9442139234670355, 0.9467592592592593, 0.9823651452282158, 0.9303826648224988, 0.9870908252650992, 0.9492853849700322, 0.9666666666666666, 0.9673236514522823, 0.9580451821115721, 0.9672660212079299, 0.9423697556477639, 0.9856481481481482, 0.9761410788381742, 0.9603503918856615, 0.929921622867681, 0.9737206085753803, 0.9828703703703704, 0.9808091286307054, 0.9193176579068695, 0.9810972798524665, 0.938220378054403, 0.9421296296296295, 0.9834024896265561, 0.9654218533886584, 0.9847856154910096, 0.9483633010603965, 0.9328703703703703, 0.9968879668049792, 0.9654218533886584, 0.8907330567081604, 0.9580451821115722, 0.950462962962963, 0.9906639004149378, 0.9455970493314891, 0.9746426924850161, 0.9654218533886583, 0.9541666666666666, 0.991701244813278, 0.9866297833102812, 0.9612724757952973, 0.9446749654218534, 0.95, 0.9870331950207469, 0.9073305670816044, 0.9714153988012909, 0.9852466574458276, 0.9402777777777778, 0.9870331950207469, 0.9308437067773168, 0.9142461964038727, 0.9502074688796681, 0.9879629629629629, 0.9730290456431534, 0.9843245735361918, 0.9432918395573997, 0.9893960350391885, 0.9046296296296297, 0.9865145228215768, 0.9534347625633933, 0.9824804057169202, 0.9612724757952974, 0.8930555555555555, 0.9839211618257262, 0.9829414476717382, 0.9437528815122176, 0.95850622406639, 0.9800925925925926, 0.967323651452282, 0.9967727063162748, 0.9230059935454126, 0.9124020285846012, 0.9740740740740741, 0.982883817427386, 0.9907791609036423, 0.9529737206085753, 0.9474412171507607, 0.9398148148148148, 0.9880705394190872, 0.9557399723374828, 0.9774089442139234, 0.9640387275242047, 0.9379629629629629, 0.9071576763485478, 0.9557399723374826, 0.9552789303826648, 0.9566620562471185, 0.9476851851851851, 0.9942946058091287, 0.9820193637621024, 0.9884739511295528, 0.95850622406639, 0.9805555555555555, 0.8698132780082988, 0.9963116643614568, 0.9930843706777317, 0.9562010142923005, 0.8824074074074073, 0.9849585062240664, 0.9571230982019363, 0.9820193637621024, 0.9562010142923005, 0.9902777777777778, 0.9413900414937759, 0.9396035039188566, 0.9990779160903642, 0.8907330567081604, 0.9782407407407407, 0.9776970954356847, 0.954817888427847, 0.929460580912863, 0.9691101890272015, 0.9990740740740741, 0.9704356846473029, 0.9451360073766712, 0.9612724757952973, 0.9769479022591055, 0.9675925925925926, 0.9704356846473029, 0.9455970493314891, 0.9926233287229137, 0.9852466574458276, 0.8574074074074074, 0.9258298755186722, 0.9774089442139234, 0.9488243430152143, 0.9492853849700322, 0.9893518518518518, 0.9735477178423236, 0.9598893499308436, 0.9580451821115721, 0.8879668049792531, 0.9699074074074074, 0.991701244813278, 0.8261871830336561, 0.9497464269248501, 0.9769479022591055, 0.9731481481481482, 0.9761410788381744, 0.9455970493314891, 0.9718764407561088, 0.9801751959428309, 0.9462962962962962, 0.974585062240664, 0.9368372521899493, 0.9820193637621023, 0.9778699861687414, 0.9407407407407407, 0.9849585062240663, 0.9695712309820194, 0.9405255878284924, 0.9806362378976486, 0.9212962962962963, 0.9927385892116182, 0.9820193637621024, 0.9737206085753803, 0.9506685108344859, 0.9231481481481482, 0.970954356846473, 0.9566620562471183, 0.9668049792531119, 0.9552789303826648, 0.9712962962962963, 0.9517634854771784, 0.941908713692946, 0.9068695251267865, 0.9580451821115721, 0.9916666666666667, 0.9455394190871369, 0.9718764407561088, 0.9981558321807285, 0.9557399723374826, 0.9875, 0.879149377593361, 0.9474412171507608, 0.9801751959428308, 0.9866297833102813, 0.9777777777777779, 0.9336099585062241, 0.9893960350391886, 0.946058091286307, 0.9345320424158597, 0.9435185185185185, 0.954356846473029, 0.9700322729368372, 0.950207468879668, 0.9087136929460581, 0.9791666666666667, 0.9413900414937759, 0.8898109727985246, 0.9774089442139234, 0.9492853849700322, 0.9490740740740741, 0.8822614107883817, 0.9589672660212079, 0.9875518672199171, 0.9368372521899492, 0.9347222222222222, 0.9776970954356847, 0.9797141539880129, 0.9396035039188566, 0.9935454126325496, 0.8981481481481481, 0.9735477178423237, 0.9949285384970032, 0.9635776855693868, 0.9345320424158599, 0.9986111111111111, 0.9299792531120332, 0.9483633010603965, 0.9907791609036423, 0.8875057630244352, 0.9861111111111112, 0.9782157676348547, 0.9432918395573997, 0.9861687413554633, 0.9064084831719686, 0.9796296296296296, 0.9968879668049793, 0.9548178884278469, 0.9566620562471185, 0.9935454126325496, 0.9393518518518518, 0.9735477178423236, 0.9520516366989396, 0.9276164130935914, 0.995389580451821, 0.9523148148148147, 0.9937759336099585, 0.979253112033195, 0.9589672660212079, 0.9810972798524666, 0.9541666666666666, 0.949688796680498, 0.9774089442139235, 0.9935454126325496, 0.9893960350391885, 0.8999999999999999, 0.91649377593361, 0.9912402028584602, 0.9875518672199171, 0.9428307976025817, 0.9449074074074073, 0.9263485477178424, 0.9294605809128631, 0.9585062240663901, 0.9893960350391885, 0.9439814814814815, 0.9875518672199171, 0.966804979253112, 0.9372982941447672, 0.9598893499308436, 0.9643518518518519, 0.9911825726141078, 0.9621945597049332, 0.91701244813278, 0.8363301060396495, 0.9930555555555556, 0.9211618257261411, 0.9903181189488244, 0.9142461964038727, 0.9940064545873675, 0.9856481481481482, 0.908195020746888, 0.9912402028584602, 0.9437528815122176, 0.9428307976025818, 0.8949074074074074, 0.9937759336099585, 0.9668049792531119, 0.9778699861687414, 0.9695712309820194, 0.9203703703703704, 0.8692946058091287, 0.975103734439834, 0.9930843706777317, 0.9893960350391886, 0.9328703703703705, 0.9164937759336098, 0.8695251267865376, 0.9857076994006454, 0.9280774550484094, 0.9865740740740742, 0.9818464730290457, 0.9137851544490548, 0.9612724757952973, 0.9769479022591055, 0.9796296296296296, 0.9445020746887967, 0.9308437067773168, 0.9446749654218534, 0.9917012448132779, 0.9851851851851852, 0.9590248962655601, 0.9423697556477639, 0.95850622406639, 0.9783310281235592, 0.9310185185185185, 0.992219917012448, 0.9451360073766714, 0.92577224527432, 0.9847856154910096, 0.9888888888888889, 0.9730290456431535, 0.9714153988012909, 0.9538958045182112, 0.9013370216689718, 0.9532407407407408, 0.9673236514522822, 0.9940064545873675, 0.9437528815122176, 0.9677270631627477, 0.9064814814814816, 0.9792531120331951, 0.9580451821115721, 0.9866297833102812, 0.9787920700783772, 0.9453703703703703, 0.9756224066390041, 0.9695712309820194, 0.987551867219917, 0.9580451821115722, 0.9842592592592593, 0.9097510373443984, 0.9400645458736745, 0.9446749654218534, 0.9760258183494699, 0.8976851851851853, 0.9512448132780082, 0.9405255878284924, 0.991701244813278, 0.9423697556477639, 0.9837962962962963, 0.9756224066390041, 0.9907791609036423, 0.9073305670816043, 0.9926233287229138, 0.9824074074074074, 0.9621369294605809, 0.8985707699400645, 0.975103734439834, 0.9566620562471184, 0.999537037037037, 0.9626556016597511, 0.8976486860304287, 0.9953895804518211, 0.95850622406639, 0.9773148148148149, 0.8848547717842323, 0.9797141539880129, 0.9359151682803134, 0.929921622867681, 0.9944444444444445, 0.9657676348547718, 0.9944674965421852, 0.9308437067773168, 0.9386814200092208, 0.9476851851851852, 0.9699170124481327, 0.9474412171507607, 0.9575841401567543, 0.9575841401567543, 0.9847222222222223, 0.9896265560165975, 0.9870908252650991, 0.9893960350391885, 0.9400645458736745, 0.9675925925925926, 0.9450207468879668, 0.8902720147533425, 0.9562010142923005, 0.9626556016597511, 0.9986111111111111, 0.8495850622406639, 0.9308437067773168, 0.9626556016597511, 0.9907791609036423, 0.9541666666666666, 0.9880705394190871, 0.9566620562471184, 0.9497464269248502, 0.9829414476717381, 0.962962962962963, 0.9870331950207469, 0.9345320424158599, 0.9603503918856615, 0.9497464269248501, 0.9791666666666667, 0.9865145228215767, 0.941908713692946, 0.9612724757952975, 0.9755647763946519, 0.9444444444444444, 0.9859958506224066, 0.9529737206085753, 0.954356846473029, 0.9838635315813739, 0.9449074074074073, 0.9994813278008299, 0.9686491470723835, 0.9912402028584602, 0.9769479022591055, 0.9726851851851852, 0.904564315352697, 0.9137851544490548, 0.9963116643614568, 0.9479022591055786, 0.987037037037037, 0.8755186721991702, 0.9451360073766712, 0.9428307976025818, 0.9626556016597511, 0.9768518518518519, 0.9834024896265561, 0.9866297833102813, 0.9907791609036423, 0.9538958045182111, 0.9421296296296295, 0.9387966804979253, 0.9884739511295528, 0.954356846473029, 0.9248501613646841, 0.9569444444444446, 0.8895228215767634, 0.9474412171507607, 0.9852466574458275, 0.9861687413554634, 0.9685185185185186, 0.9362033195020747, 0.9801751959428308, 0.9695712309820194, 0.9575841401567542, 0.9541666666666666, 0.9382780082987552, 0.9451360073766712, 0.9511295527893038, 0.9428307976025818, 0.9833333333333334, 0.9839211618257261, 0.9778699861687413, 0.9626556016597511, 0.9732595666205626, 0.9310185185185185, 0.9445020746887968, 0.9889349930843707, 0.9442139234670356, 0.9589672660212077, 0.9898148148148148, 0.9133817427385892, 0.9303826648224989, 0.9778699861687413, 0.9820193637621023, 0.9537037037037037, 0.8853734439834025, 0.9755647763946519, 0.9820193637621024, 0.9483633010603965, 0.9287037037037036, 0.9714730290456431, 0.9635776855693868, 0.9603503918856615, 0.9368372521899493, 0.9462962962962963, 0.9974066390041494, 0.9336099585062241, 0.9142461964038727, 0.9829414476717382, 0.9875, 0.982883817427386, 0.9930843706777317, 0.91701244813278, 0.9465191332411249, 0.9759259259259259, 0.9854771784232366, 0.9225449515905947, 0.9857076994006455, 0.9207007837713233, 0.9879629629629629, 0.9911825726141079, 0.921622867680959, 0.9704933148916551, 0.9621945597049332, 0.9898148148148148, 0.9906639004149377, 0.958967266021208, 0.975103734439834, 0.9940064545873675, 0.9074074074074074, 0.9761410788381744, 0.9801751959428308, 0.9727985246657446, 0.9594283079760257, 0.9708333333333333, 0.9190871369294605, 0.9824804057169202, 0.9949285384970032, 0.929921622867681, 0.9222222222222223, 0.9439834024896265, 0.9248501613646842, 0.9829414476717382, 0.9372982941447671, 0.9884259259259259, 0.9693983402489627, 0.9322268326417703, 0.9884739511295527, 0.92577224527432, 0.9930555555555556, 0.9642116182572614, 0.9843245735361917, 0.9801751959428308, 0.9151682803135086, 0.9282407407407408, 0.91649377593361, 0.9884739511295527, 0.8695251267865376, 0.9829414476717381, 0.9837962962962963, 0.9927385892116182, 0.9474412171507607, 0.9972337482710926, 0.9644997694790226, 0.9888888888888888, 0.920643153526971, 0.9824804057169202, 0.9147072383586905, 0.9727985246657445, 0.975462962962963, 0.9507261410788383, 0.9437528815122177, 0.9861687413554634, 0.9621945597049331, 0.9231481481481482, 0.9906639004149377, 0.9847856154910097, 0.8722913785154449, 0.9585062240663901, 0.9833333333333333, 0.9922199170124482, 0.9921622867680959, 0.9857076994006454, 0.9488243430152143, 0.9796296296296296, 0.8770746887966806, 0.9359151682803135, 0.9912402028584602, 0.9562010142923006, 0.9935185185185185, 0.9465767634854773, 0.9479022591055787, 0.9787920700783772, 0.9396035039188566, 0.9898148148148148, 0.979253112033195, 0.9783310281235592, 0.9483633010603965, 0.9912402028584602, 0.9245370370370369, 0.9486514522821577, 0.9474412171507607, 0.9557399723374828, 0.9585062240663901, 0.9416666666666667, 0.9828838174273858, 0.9156293222683263, 0.9755647763946519, 0.938220378054403, 0.9856481481481482, 0.9502074688796681, 0.9289995389580451, 0.9506685108344859, 0.9137851544490548, 0.9986111111111111, 0.9740663900414939, 0.979714153988013, 0.9893960350391885, 0.9133241124942371, 0.9416666666666667, 0.9766597510373444, 0.9483633010603965, 0.9142461964038728, 0.9455970493314891, 0.9712962962962963, 0.9911825726141079, 0.9534347625633932, 0.9820193637621024, 0.9787920700783771, 0.9328703703703703, 0.9450207468879669, 0.9525126786537574, 0.9677270631627478, 0.9824804057169203, 0.812962962962963, 0.9911825726141079, 0.9082526509912402, 0.9940064545873675, 0.9884739511295527, 0.9574074074074075, 0.9424273858921162, 0.9359151682803135, 0.9285384970032273, 0.9963116643614569, 0.9921296296296296, 0.9445020746887967, 0.8460119870908253, 0.995850622406639, 0.9949285384970031, 0.9652777777777778, 0.9808091286307054, 0.9806362378976486, 0.9474412171507607, 0.9575841401567543, 0.924074074074074, 0.9756224066390042, 0.9806362378976486, 0.937759336099585, 0.9838635315813739, 0.874074074074074, 0.979253112033195, 0.9732595666205625, 0.9935454126325496, 0.9087136929460582, 0.9592592592592593, 0.950207468879668, 0.9898570769940065, 0.9792531120331951, 0.9538958045182112, 0.9162037037037037, 0.9652489626556018, 0.941908713692946, 0.9801751959428308, 0.9870908252650991, 0.9736111111111111, 0.8952282157676348, 0.9488243430152143, 0.9861687413554633, 0.9506685108344859, 0.9425925925925925, 0.9787344398340249, 0.9769479022591057, 0.946058091286307, 0.9857076994006455, 0.9648148148148148, 0.9517634854771784, 0.9889349930843706, 0.938220378054403, 0.9442139234670355, 0.9902777777777778, 0.9102697095435686, 0.9391424619640386, 0.9880129091747349, 0.987551867219917, 0.9574074074074074, 0.950207468879668, 0.9432918395573997, 0.9691101890272015, 0.9797141539880129, 0.9027777777777777, 0.8760373443983401, 0.9695712309820194, 0.9617335177501153, 0.9027201475334257, 0.9768518518518519, 0.9657676348547718, 0.9681881051175657, 0.9995389580451821, 0.9400645458736745, 0.951851851851852, 0.9481327800829875, 0.9082526509912403, 0.983863531581374, 0.9534347625633932, 0.9861111111111112, 0.875, 0.8870447210696173, 0.9967727063162748, 0.9930843706777316, 0.9592592592592593, 0.853734439834025, 0.9036422314430613, 0.9898570769940064, 0.9783310281235592, 0.9925925925925926, 0.9180497925311204, 0.9898570769940065, 0.9054863992623329, 0.9889349930843707, 0.9217592592592593, 0.9719917012448133, 0.9598893499308437, 0.9349930843706776, 0.9064084831719685, 0.9787037037037037, 0.9994813278008299, 0.9801751959428308, 0.9972337482710927, 0.966804979253112, 0.9490740740740742, 0.9346473029045643, 0.9151682803135086, 0.9188566159520516, 0.9774089442139234, 0.9800925925925926, 0.953838174273859, 0.9976947902259105, 0.991701244813278, 0.9405255878284924, 0.9319444444444445, 0.9393153526970954, 0.9626556016597511, 0.9280774550484094, 0.9944674965421852, 0.9791666666666667, 0.9548755186721991, 0.9810972798524666, 0.9529737206085753, 0.9893960350391886, 0.9717592592592592, 0.8770746887966804, 0.9944674965421854, 0.9008759797141539, 0.9502074688796681, 0.9787037037037037, 0.9875518672199171, 0.9331489165514062, 0.9571230982019364, 0.9271553711387736, 0.9986111111111111, 0.9875518672199171, 0.9829414476717381, 0.9515905947441218, 0.8976486860304288, 0.9722222222222223, 0.9450207468879668, 0.9640387275242047, 0.983863531581374, 0.9483633010603965, 0.9847222222222223, 0.9341286307053942, 0.9778699861687413, 0.9972337482710927, 0.9557399723374828, 0.9537037037037036, 0.9367219917012448, 0.9603503918856616, 0.9737206085753803, 0.9294605809128631, 0.9481481481481481, 0.9387966804979254, 0.9603503918856616, 0.963116643614569, 0.9732595666205626, 0.9643518518518518, 0.9553941908713693, 0.9280774550484094, 0.9142461964038727, 0.9760258183494698, 0.9546296296296296, 0.9740663900414939, 0.9566620562471184, 0.9935454126325496, 0.9230059935454126, 0.976388888888889, 0.9434647302904565, 0.9677270631627478, 0.9617335177501152, 0.9483633010603965, 0.9425925925925926, 0.9792531120331951, 0.9479022591055786, 0.9838635315813739, 0.9801751959428308, 0.9592592592592593, 0.9522821576763485, 0.9921622867680959, 0.9575841401567543, 0.9082526509912403, 0.9722222222222222, 0.9808091286307055, 0.9575841401567543, 0.9903181189488244, 0.9465191332411249, 0.9518518518518517, 0.975103734439834, 0.9082526509912402, 0.9857076994006454, 0.9792531120331951, 0.9898148148148148, 0.953838174273859, 0.9326878745965883, 0.9847856154910096, 0.9230059935454127, 0.9828703703703703, 0.9839211618257262, 0.9322268326417704, 0.9778699861687413, 0.9331489165514062, 0.9916666666666667, 0.95850622406639, 0.9681881051175656, 0.9737206085753803, 0.9322268326417704, 0.9893518518518518, 0.9315352697095436, 0.9465191332411249, 0.9824804057169203, 0.9787920700783771, 0.9694444444444444, 0.9528008298755188, 0.9451360073766712, 0.8879668049792531, 0.9801751959428308, 0.962962962962963, 0.9595435684647302, 0.9723374827109267, 0.8971876440756108, 0.9525126786537575, 0.9671296296296296, 0.9942946058091287, 0.9843245735361918, 0.9548178884278469, 0.979714153988013, 0.9305555555555556, 0.992219917012448, 0.979253112033195, 0.9893960350391886, 0.9142461964038727, 0.9898148148148148, 0.9315352697095435, 0.9880129091747349, 0.9451360073766712, 0.9898570769940065, 0.9486111111111111, 0.9522821576763485, 0.963116643614569, 0.9511295527893038, 0.9760258183494698, 0.9481481481481482, 0.920643153526971, 0.9446749654218534, 0.9515905947441217, 0.9797141539880129, 0.9773148148148149, 0.9559128630705394, 0.9976947902259106, 0.9474412171507607, 0.9529737206085754, 0.9222222222222222, 0.995850622406639, 0.9718764407561089, 0.9658828953434763, 0.95850622406639, 0.9592592592592593, 0.9647302904564315, 0.938220378054403, 0.9718764407561088, 0.9202397418165054, 0.9902777777777777, 0.9891078838174274, 0.9741816505301983, 0.9506685108344859, 0.8999538958045182, 0.9472222222222222, 0.9595435684647303, 0.9695712309820194, 0.9529737206085753, 0.9497464269248502, 0.9925925925925926, 0.9476141078838174, 0.9695712309820194, 0.9751037344398341, 0.9820193637621023, 0.9453703703703704, 0.9341286307053941, 0.9160903642231443, 0.8745965882895343, 0.983402489626556, 0.9208333333333334, 0.9901452282157676, 0.983402489626556, 0.9940064545873674, 0.9880129091747349, 0.9259259259259259, 0.8864107883817427, 0.9866297833102813, 0.9059474412171507, 0.9774089442139235, 0.9888888888888889, 0.9719917012448133, 0.8709082526509913, 0.9921622867680959, 0.9815583218072845, 0.9305555555555555, 0.9968879668049793, 0.9792531120331951, 0.9806362378976486, 0.9036422314430612, 0.9486111111111111, 0.9859958506224066, 0.9322268326417703, 0.9432918395573997, 0.9926233287229138, 0.9731481481481481, 0.8900414937759336, 0.8589211618257261, 0.9704933148916551, 0.979714153988013, 0.986574074074074, 0.9725103734439834, 0.9451360073766712, 0.9930843706777317, 0.9289995389580451, 0.9791666666666666, 0.9849585062240664, 0.9294605809128631, 0.9230059935454127, 0.921622867680959, 0.9481481481481481, 0.9849585062240663, 0.9778699861687413, 0.9276164130935916, 0.9234670355002305, 0.962037037037037, 0.9839211618257262, 0.9972337482710927, 0.9446749654218535, 0.9520516366989396, 0.9120370370370371, 0.9942946058091287, 0.9866297833102813, 0.9774089442139235, 0.9289995389580452, 0.897685185185185, 0.9839211618257261, 0.9557399723374826, 0.9608114338404794, 0.9751037344398341, 0.9921296296296297, 0.9486514522821576, 0.9451360073766712, 0.9391424619640387, 0.9857076994006455, 0.9944444444444444, 0.962655601659751, 0.9497464269248502, 0.983402489626556, 0.9820193637621023, 0.9282407407407407, 0.9445020746887967, 0.8252650991240204, 0.9764868603042877, 0.8732134624250807, 0.9912037037037037, 0.9989626556016598, 0.966343937298294, 0.9474412171507607, 0.975103734439834, 0.9629629629629629, 0.9994813278008299, 0.9926233287229138, 0.9870908252650991, 0.9552789303826648, 0.9425925925925925, 0.9377593360995851, 0.9372982941447672, 0.9903181189488244, 0.9857076994006455, 0.9203703703703703, 0.8796680497925311, 0.9870908252650991, 0.9377593360995851, 0.9741816505301982, 0.9495370370370371, 0.9901452282157677, 0.963116643614569, 0.9612724757952973, 0.9451360073766712, 0.9898148148148148, 0.9605809128630706, 0.9654218533886584, 0.9197786998616874, 0.9534347625633933, 0.9875, 0.9859958506224066, 0.8962655601659751, 0.9096357768556939, 0.9884739511295528, 0.9712962962962963, 0.982883817427386, 0.979714153988013, 0.9870908252650992, 0.9230059935454126, 0.9532407407407407, 0.9362033195020747, 0.9778699861687414, 0.9967727063162748, 0.9303826648224989, 0.9796296296296296, 0.9294605809128631, 0.9654218533886584, 0.9525126786537575, 0.9700322729368371, 0.9546296296296296, 0.9621369294605808, 0.934071000461042, 0.9506685108344859, 0.9769479022591055, 0.9606481481481481, 1.0, 0.9852466574458276, 0.9571230982019363, 0.9893960350391885, 0.9490740740740741, 0.9149377593360997, 0.9529737206085753, 0.9289995389580452, 0.9064084831719685, 0.9962962962962962, 0.9937759336099585, 0.9893960350391886, 0.8944213923467035, 0.983863531581374, 0.9439814814814815, 0.9502074688796681, 0.995850622406639, 0.9285384970032273, 0.9870908252650991, 0.9421296296296295, 0.9066390041493776, 0.9940064545873675, 0.9686491470723836, 0.9603503918856616, 0.9115740740740741, 0.9823651452282157, 0.9428307976025818, 0.9898570769940064, 0.9617335177501153, 0.9805555555555556, 0.9227178423236515, 0.9801751959428309, 0.9820193637621023, 0.9612724757952974, 0.8935185185185184, 0.9901452282157677, 0.9598893499308436, 0.9285384970032273, 0.9575841401567543, 0.9537037037037037, 0.9149377593360996, 0.9520516366989396, 0.9741816505301982, 0.9511295527893038, 0.9898148148148148, 0.9476141078838174, 0.9571230982019363, 0.9953895804518211, 0.9068695251267865, 0.9708333333333333, 0.9144190871369295, 0.8782849239280774, 0.9857076994006455, 0.9764868603042877, 0.9560185185185186, 0.9937759336099584, 0.9884739511295528, 0.9764868603042878, 0.9824804057169202, 0.8546296296296296, 0.9818464730290457, 0.9797141539880129, 0.9764868603042877, 0.9437528815122176, 0.9444444444444444, 0.9621369294605809, 0.9294605809128631, 0.9815583218072844, 0.9778699861687414, 0.9518518518518518, 0.9408713692946058, 0.9907791609036423, 0.9857076994006455, 0.962655601659751, 0.9277777777777778, 0.9445020746887967, 0.9525126786537574, 0.9580451821115722, 0.9474412171507607, 0.9847222222222223, 0.9828838174273858, 0.9386814200092208, 0.9810972798524666, 0.9741816505301982, 0.9069444444444444, 0.9699170124481328, 0.9677270631627478, 0.9437528815122176, 0.9202397418165053, 0.9768518518518519, 0.9849585062240664, 0.913324112494237, 0.888427846934071, 0.9857076994006454, 0.9828703703703704, 0.9813278008298755, 0.9396035039188566, 0.9907791609036423, 0.9165514061779623, 0.9717592592592592, 0.9393153526970954, 0.991701244813278, 0.9686491470723836, 0.9935454126325496, 0.9518518518518518, 0.892116182572614, 0.9866297833102813, 0.9774089442139234, 0.9308437067773166, 0.975462962962963, 0.9232365145228216, 0.979253112033195, 0.9898570769940065, 0.983402489626556, 0.8925925925925926, 0.950207468879668, 0.9778699861687413, 0.859843245735362, 0.9801751959428308, 0.9986111111111111, 0.9823651452282158, 0.9594283079760257, 0.9248501613646842, 0.9783310281235592, 0.9763888888888889, 0.991701244813278, 0.9852466574458276, 0.934071000461042, 0.9585062240663901, 0.9537037037037037, 0.9745850622406639, 0.9741816505301982, 0.9714153988012909, 0.9953895804518211, 0.938425925925926, 0.9107883817427386, 0.9838635315813739, 0.9746426924850161, 0.9585062240663901, 0.9740740740740741, 0.9362033195020747, 0.9552789303826648, 0.9409866297833103, 0.9714153988012909, 0.9615740740740741, 1.0, 0.9746426924850161, 0.9391424619640387, 0.9082526509912403, 0.937962962962963, 0.9808091286307054, 0.9635776855693867, 0.925311203319502, 0.9880129091747349, 0.962037037037037, 0.9626556016597511, 0.9686491470723836, 0.8898109727985246, 0.905025357307515, 0.9699074074074074, 0.9942946058091287, 0.9133241124942371, 0.9511295527893038, 0.9230059935454127, 0.9851851851851852, 0.9818464730290456, 0.9718764407561088, 0.9552789303826649, 0.9806362378976486, 0.9638888888888888, 0.9642116182572614, 0.9820193637621023, 0.9534347625633933, 0.9824804057169202, 0.9537037037037037, 0.9574688796680498, 0.9197786998616874, 0.9414476717381282, 0.8644536652835407, 0.9745370370370371, 0.9808091286307055, 0.9824804057169202, 0.9497464269248501, 0.9732595666205626, 0.924074074074074, 0.946058091286307, 0.9594283079760259, 0.9515905947441218, 0.9271553711387737, 0.9833333333333334, 0.9787344398340249, 0.9137851544490548, 0.9852466574458276, 0.9299216228676809, 0.9157407407407407, 0.9911825726141079, 0.9552789303826648, 0.9732595666205626, 0.9603503918856617, 0.9912037037037037, 0.9279045643153527, 0.962655601659751, 0.8865836791147994, 0.9990779160903642, 0.9907407407407408, 0.9870331950207469, 0.991701244813278, 0.9857076994006455, 0.8736745043798986, 0.9976851851851852, 0.9450207468879668, 0.9746426924850162, 0.9967727063162747, 0.9847856154910097, 0.9564814814814815, 0.900414937759336, 0.9672660212079299, 0.9488243430152143, 0.9446749654218534, 0.9537037037037037, 0.9564315352697096, 0.946058091286307, 0.8902720147533425, 0.9654218533886584, 0.9939814814814816, 0.9559128630705394, 0.9972337482710926, 0.9423697556477639, 0.9262332872291379, 0.9800925925925925, 0.9849585062240663, 0.9866297833102812, 0.9792531120331951, 0.9451360073766712, 0.8949074074074074, 0.9813278008298755, 0.9276164130935914, 0.9575841401567542, 0.9963116643614569, 0.9430555555555555, 0.9247925311203319, 0.954356846473029, 0.9949285384970032, 0.946058091286307, 0.9930555555555556, 0.9180497925311204, 0.9995389580451821, 0.9534347625633932, 0.9787920700783771, 0.987037037037037, 0.8827800829875518, 0.9248501613646841, 0.8916551406177962, 0.9741816505301982, 0.9592592592592593, 0.995850622406639, 0.9515905947441217, 0.9594283079760259, 0.9889349930843707, 0.8472222222222222, 0.9880705394190871, 0.9695712309820194, 0.9096357768556939, 0.950207468879668, 0.9967592592592591, 0.9382780082987552, 0.9829414476717382, 0.9552789303826648, 0.9230059935454127, 0.9555555555555555, 0.9865145228215768, 0.9617335177501153, 0.9483633010603965, 0.966804979253112, 0.9851851851851852, 0.9885892116182573, 0.9727985246657447, 0.9538958045182112, 0.9525126786537574, 0.9597222222222223, 0.9797717842323652, 0.9755647763946519, 0.908713692946058, 0.9534347625633932, 0.9374999999999999, 0.970954356846473, 0.9898570769940065, 0.9737206085753803, 0.9483633010603965, 0.9851851851851853, 0.866701244813278, 0.9391424619640387, 0.9621945597049331, 0.9778699861687413, 0.9902777777777778, 0.9061203319502075, 0.9764868603042878, 0.9220839096357768, 0.9359151682803135, 0.9861111111111112, 0.9818464730290457, 0.9990779160903642, 0.9580451821115722, 0.9926233287229138, 0.9842592592592593, 0.9087136929460581, 0.9940064545873674, 0.9810972798524666, 0.9197786998616874, 0.9384259259259259, 0.9761410788381744, 0.9686491470723836, 0.9677270631627478, 0.9437528815122177, 0.9805555555555555, 0.9362033195020747, 0.9912402028584602, 0.9769479022591055, 0.9815583218072845, 0.8467592592592592, 0.9834024896265561, 0.9861687413554633, 0.9691101890272016, 0.9543568464730291, 0.9851851851851852, 0.8817427385892116, 0.9193176579068695, 0.979253112033195, 0.9695712309820194, 0.9680555555555556, 0.9771784232365146, 0.9995389580451821, 0.9903181189488244, 0.9077916090364224, 0.9564814814814815, 0.9818464730290457, 0.8888888888888888, 0.975103734439834, 0.9843245735361917, 0.961111111111111, 0.9922199170124482, 0.9368372521899493, 0.9100968188105119, 0.9525126786537574, 0.9861111111111112, 0.967323651452282, 0.9815583218072844, 0.9608114338404794, 0.9672660212079298, 0.9486111111111111, 0.9782157676348547, 0.917473490087598, 0.979714153988013, 0.9981558321807283, 0.9203703703703704, 0.9880705394190872, 0.8815122176118028, 0.9723374827109266, 0.9100968188105116, 0.8999999999999999, 0.9699170124481328, 0.9737206085753803, 0.8847395112955279, 0.9534347625633932, 0.9967592592592592, 0.9595435684647303, 0.9621945597049332, 0.9114799446749654, 0.9336099585062241, 0.9560185185185185, 0.9994813278008299, 0.9262332872291378, 0.9557399723374826, 0.9202397418165054, 0.9689814814814814, 0.9279045643153527, 0.9801751959428308, 0.9280774550484094, 0.9907791609036423, 0.9393518518518519, 0.9891078838174274, 0.9621945597049332, 0.9672660212079299, 0.9359151682803135, 0.9912037037037037, 0.9377593360995851, 0.9571230982019364, 0.9391424619640387, 0.9437528815122176, 0.9699074074074074, 0.9937759336099585, 0.9243891194098663, 0.9870908252650992, 0.9843245735361918, 0.9314814814814814, 0.9885892116182573, 0.9801751959428309, 0.9884739511295527, 0.9368372521899493, 0.9837962962962964, 0.9185684647302904, 0.9953895804518211, 0.9077916090364224, 0.9529737206085753, 0.9305555555555556, 0.9631742738589212, 0.9488243430152143, 0.9875518672199171, 0.9893960350391886, 0.9171296296296296, 0.9528008298755186, 0.9820193637621023, 0.9631166436145688, 0.9838635315813739, 0.9662037037037037, 0.9258298755186721, 0.9843245735361917, 0.9128630705394192, 0.9921622867680959, 0.9254629629629629, 0.982883817427386, 0.9829414476717382, 0.9746426924850162, 0.958967266021208, 0.8861111111111111, 0.8807053941908713, 0.9193176579068695, 0.9672660212079299, 0.9446749654218534, 0.9722222222222222, 0.924792531120332, 0.913324112494237, 0.970954356846473, 0.9824804057169202, 0.9578703703703704, 0.9605809128630706, 0.9497464269248501, 0.9552789303826648, 0.9557399723374828, 0.9662037037037037, 0.9911825726141078, 0.9262332872291379, 0.9861687413554634, 0.9681881051175657, 0.9893518518518518, 0.9616182572614108, 0.9409866297833103, 0.9866297833102813, 0.9276164130935914, 0.9537037037037037, 0.982883817427386, 0.9059474412171509, 0.9225449515905948, 0.9225449515905948, 0.9879629629629629, 0.9844398340248963, 0.9626556016597511, 0.9704933148916551, 0.9474412171507607, 0.9337962962962962, 0.9880705394190872, 0.9525126786537574, 0.9455970493314891, 0.9677270631627477, 0.9472222222222222, 0.9704356846473029, 0.9160903642231443, 0.9820193637621024, 0.9396035039188565, 0.9643518518518519, 0.9673236514522822, 0.9778699861687414, 0.9451360073766712, 0.8598432457353619, 0.9912037037037037, 0.9994813278008299, 0.9658828953434763, 0.9640387275242047, 0.9764868603042877, 0.9476851851851852, 0.9906639004149378, 0.9783310281235592, 0.8994928538497002, 0.9474412171507607, 0.9199074074074074, 0.966286307053942, 0.9437528815122176, 0.9428307976025818, 0.9880129091747349, 0.9537037037037037, 0.9906639004149378, 0.9787920700783771, 0.9409866297833103, 0.9635776855693868, 0.9180555555555555, 0.991701244813278, 0.9349930843706777, 0.9737206085753803, 0.9884739511295528, 0.9356481481481481, 0.9797717842323651, 0.950207468879668, 0.9520516366989396, 0.9580451821115722, 0.9574074074074074, 0.9766597510373444, 0.9889349930843707, 0.9354541263254956, 0.9409866297833103, 0.9912037037037038, 0.9413900414937759, 0.9774089442139235, 0.954356846473029, 0.9737206085753803, 0.9435185185185185, 0.9408713692946058, 0.9967727063162748, 0.9363762102351314, 0.9870908252650992, 0.9472222222222222, 0.9569502074688797, 0.9815583218072844, 0.9354541263254956, 0.9598893499308437, 0.9657407407407408, 0.9450207468879668, 0.9285384970032273, 0.991701244813278, 0.9548178884278469, 0.9935185185185185, 0.9382780082987552, 0.9912402028584602, 0.9774089442139234, 0.9847856154910097, 0.8712962962962963, 0.8890041493775933, 0.9834024896265561, 0.9806362378976488, 0.9368372521899493, 0.9046296296296297, 0.9963692946058091, 0.9732595666205626, 0.8856615952051637, 0.9649608114338405, 0.9930555555555556, 0.9735477178423236, 0.8916551406177962, 0.9774089442139235, 0.979714153988013, 0.9791666666666666, 0.9823651452282157, 0.9465191332411249, 0.9820193637621024, 0.9935454126325496, 0.9837962962962963, 0.891597510373444, 0.9004149377593361, 0.9986168741355463, 0.983863531581374, 0.9800925925925925, 0.9247925311203319, 0.9520516366989396, 0.9488243430152143, 0.9594283079760259, 0.9814814814814815, 0.9813278008298756, 0.9137851544490547, 0.9423697556477639, 0.9893960350391886, 0.9907407407407407, 0.9740663900414938, 0.8870447210696173, 0.9921622867680959, 0.9741816505301982, 0.9810185185185185, 0.9859958506224066, 0.99124020285846, 0.9285384970032272, 0.991701244813278, 0.9273148148148149, 0.9455394190871369, 0.9234670355002306, 0.8888888888888888, 0.9658828953434763, 0.9888888888888888, 0.9844398340248962, 0.9824804057169203, 0.970954356846473, 0.9820193637621024, 0.9541666666666666, 0.9336099585062242, 0.9663439372982942, 0.9156293222683265, 0.9691101890272014, 0.9685185185185186, 0.9802904564315352, 0.9787920700783772, 0.9488243430152143, 0.9538958045182111, 0.9004629629629628, 0.9657676348547718, 0.9732595666205625, 0.9843245735361918, 0.92577224527432, 0.9078703703703703, 0.9906639004149378, 0.9700322729368372, 0.9783310281235592, 0.9575841401567543, 0.9384259259259259, 0.946058091286307, 0.9474412171507607, 0.9976947902259106, 0.9289995389580452, 0.8694444444444445, 0.9891078838174274, 0.8902720147533425, 0.9594283079760259, 0.9944674965421852, 0.9773148148148149, 0.9901452282157677, 0.9737206085753805, 0.9829414476717382, 0.9008759797141539, 0.9782407407407407, 0.9797717842323651, 0.9861687413554633, 0.9594283079760259, 0.9017980636237898, 0.9888888888888889, 0.9730290456431535, 0.9792531120331951, 0.9695712309820194, 0.934071000461042, 0.9587962962962964, 0.991701244813278, 0.9949285384970031, 0.9368372521899493, 0.9695712309820194, 0.9282407407407407, 0.9963692946058091, 0.9810972798524666, 0.9930843706777317, 0.9160903642231444, 0.9523148148148148, 0.9901452282157677, 0.9562010142923005, 0.9442139234670355, 0.9870908252650992, 0.9675925925925926, 0.9761410788381742, 0.9400645458736745, 0.9640387275242047, 0.9912402028584602, 0.976388888888889, 0.970435684647303, 0.9506685108344859, 0.8967266021207929, 0.9829414476717382, 0.9657407407407408, 0.9180497925311203, 0.9990779160903642, 0.917473490087598, 0.9691101890272016, 0.9722222222222222, 0.9595435684647302, 0.912863070539419, 0.9714153988012909, 0.9847856154910097, 0.9263888888888889, 0.9507261410788381, 0.9810972798524666, 0.880129091747349, 0.9866297833102813, 0.9583333333333333, 0.9797717842323651, 0.9386814200092208, 0.9423697556477639, 0.9857076994006455, 0.9523148148148148, 0.995850622406639, 0.9930843706777316, 0.9672660212079299, 0.9764868603042877, 0.9398148148148149, 0.9481327800829875, 0.9967727063162748, 0.9704933148916551, 0.9557399723374826, 0.9231481481481482, 0.979253112033195, 0.9755647763946519, 0.9423697556477639, 0.921161825726141, 0.9907407407407407, 0.9896265560165975, 0.9824804057169203, 0.9151682803135085, 0.9976947902259106, 0.9416666666666667, 0.9336099585062241, 0.9045643153526971, 0.9870908252650992, 0.9631166436145688, 0.987037037037037, 0.9937759336099584, 0.9884739511295527, 0.9580451821115721, 0.9589672660212079, 0.9699074074074074, 0.9683609958506224, 0.9774089442139235, 0.9898570769940065, 0.9534347625633932, 0.9365740740740741, 0.9481327800829875, 0.9723374827109267, 0.9230059935454126, 0.9414476717381282, 0.9935185185185185, 0.9678423236514523, 0.9479022591055786, 0.9437528815122176, 0.9612724757952974, 0.985648148148148, 0.9061203319502075, 0.8796680497925311, 0.9534347625633932, 0.9926233287229138, 0.9652777777777777, 0.9496887966804979, 0.9760258183494698, 0.9704933148916551, 0.9815583218072845, 0.9634259259259259, 0.9206431535269709, 0.9907791609036423, 0.9469801751959428, 0.9045643153526971, 0.9560185185185185, 0.9782157676348548, 0.9372982941447673, 0.941908713692946, 0.9843245735361917, 0.9874999999999999, 0.9626556016597511, 0.9658828953434763, 0.9723374827109268, 0.9695712309820192, 0.9541666666666666, 0.9579875518672198, 0.9631166436145688, 0.934071000461042, 0.9843245735361917, 0.9347222222222222, 0.9828838174273858, 0.9054863992623328, 0.9778699861687414, 0.9732595666205625, 0.9564814814814815, 0.9688796680497925, 0.9197786998616874, 0.970493314891655, 0.9930843706777317, 0.9449074074074073, 0.9896265560165975, 0.9889349930843707, 0.9308437067773168, 0.8865836791147994, 0.95, 0.982883817427386, 0.9930843706777316, 0.913324112494237, 0.9792531120331951, 0.9152777777777777, 0.9590248962655602, 0.9695712309820194, 0.9930843706777317, 0.904564315352697, 0.9347222222222222, 0.996369294605809, 0.9483633010603965, 0.9654218533886584, 0.9843245735361917, 0.9722222222222221, 0.907676348547718, 0.975103734439834, 0.9160903642231444, 0.9967727063162748, 0.9671296296296297, 0.9159751037344399, 0.9589672660212079, 0.9239280774550482, 0.9349930843706777, 0.9342592592592592, 0.9922199170124482, 0.9548178884278469, 0.9469801751959428, 0.9714153988012909, 0.9935185185185186, 0.9631742738589212, 0.9562010142923006, 0.9755647763946519, 0.9981558321807285, 0.9666666666666666, 0.9522821576763485, 0.9893960350391886, 0.9649608114338404, 0.979253112033195, 0.9444444444444444, 0.9351659751037344, 0.9769479022591057, 0.9727985246657446, 0.8741355463347165, 0.9791666666666666, 0.9725103734439834, 0.9511295527893038, 0.991701244813278, 0.9230059935454127, 0.9925925925925926, 0.9439834024896266, 0.9912402028584602, 0.9834024896265561, 0.9396035039188566, 0.9425925925925928, 0.9839211618257262, 0.9635776855693867, 0.954817888427847, 0.9820193637621023, 0.9523148148148148, 0.9974066390041493, 0.8782849239280774, 0.9898570769940065, 0.9465191332411249, 0.9990740740740741, 0.9834024896265561, 0.9926233287229138, 0.934071000461042, 0.966804979253112, 0.9458333333333333, 0.9367219917012447, 0.9806362378976486, 0.9760258183494698, 0.9239280774550483, 0.9004629629629629, 0.9528008298755186, 0.9326878745965882, 0.9465191332411249, 0.9377593360995851, 0.9611111111111111, 0.9766597510373444, 0.8944213923467035, 0.9469801751959428, 0.9930843706777317, 0.9388888888888889, 0.9885892116182573, 0.9469801751959428, 0.938220378054403, 0.9345320424158599, 0.9546296296296297, 0.9626556016597511, 0.9271553711387736, 0.9741816505301982, 0.9787920700783771, 0.9712962962962963, 0.8998962655601661, 0.9875518672199171, 0.9031811894882434, 0.9870908252650992, 0.9935185185185185, 0.9642116182572614, 0.9861687413554634, 0.9391424619640386, 0.9778699861687413, 0.937037037037037, 0.9061203319502075, 0.9884739511295528, 0.9755647763946519, 0.9276164130935916, 0.9101851851851852, 0.9771784232365145, 0.9774089442139234, 0.946058091286307, 0.9488243430152143, 0.9736111111111111, 0.9922199170124482, 0.9663439372982942, 0.9852466574458276, 0.9386814200092207, 0.9611111111111111, 0.9891078838174274, 0.9907791609036422, 0.9755647763946519, 0.9428307976025818, 0.9694444444444444, 0.9315352697095436, 0.983863531581374, 0.9345320424158599, 0.9654218533886584, 0.8967592592592593, 0.9776970954356846, 0.963116643614569, 0.9903181189488243, 0.9727985246657445, 0.9597222222222221, 0.9253112033195021, 0.9751037344398341, 0.9903181189488244, 0.9326878745965883, 0.9472222222222222, 0.9548755186721992, 0.9437528815122176, 0.9700322729368372, 0.9520516366989396, 0.9537037037037037, 0.9927385892116183, 0.9981558321807285, 0.9400645458736745, 0.9640387275242047, 0.9189814814814816, 0.9315352697095436, 0.9059474412171508, 0.983863531581374, 0.9995389580451821, 0.949537037037037, 0.9782157676348547, 0.9041032733978791, 0.9414476717381282, 0.9654218533886584, 0.9810185185185185, 0.9699170124481328, 0.9515905947441218, 0.9608114338404794, 0.9834024896265561, 0.9787037037037037, 0.9330912863070538, 0.9419087136929459, 0.9810972798524666, 0.913324112494237, 0.9782407407407407, 0.9802904564315352, 0.9575841401567542, 0.954817888427847, 0.9815583218072844, 0.9578703703703704, 0.9818464730290457, 0.9700322729368372, 0.9326878745965882, 0.9829414476717382, 0.8999999999999999, 0.9818464730290457, 0.8999538958045182, 0.9612724757952974, 0.9552789303826648, 0.9921296296296296, 0.982883817427386, 0.9230059935454127, 0.9285384970032273, 0.9930843706777316, 0.9722222222222221, 0.9844398340248962, 0.9940064545873675, 0.9451360073766714, 0.9409866297833103, 0.9856481481481482, 0.9517634854771784];  // Embed Python list into JavaScript

            function createHistogram(bins) {
                var trace = {
                    x: aucScores,
                    type: "histogram",
                    marker: {color: "blue", line: {color: "black", width: 1} },
                    opacity: 0.7,
                    xbins: { size: bins }
                };
                
                var layout = {
                    title: "AUC Score Distribution",
                    xaxis: { title: "AUC Score" },
                    yaxis: { title: "Count" },
                    template: "plotly_white"
                };
                
                Plotly.newPlot("histogram", [trace], layout);
            }

            function updateBins(value) {
                createHistogram(parseFloat(value));  // Convert value from string to float
            }

            // Initial plot with default bin size
            createHistogram(0.005);
        </script>
    </body>
    </html>
    